   1.0000000e-01   1.0000000e-01   3.6588229e-02   1.7976441e-01   3.6588229e-03   1.2052730e-02
   1.0000000e-01   2.0000000e-01   1.7000856e-02   8.4567537e-02   3.4001712e-03   2.4165514e-02
   1.0000000e-01   4.0000000e-01   7.8643097e-03   3.6338909e-02   3.1457236e-03   4.8573037e-02
   1.0000000e-01   6.0000000e-01   4.8662560e-03   1.9725482e-02   2.9192549e-03   7.3195511e-02
   1.0000000e-01   8.0000000e-01   3.5528146e-03   1.1352097e-02   2.8371461e-03   9.6928390e-02
   2.0000000e-01   1.0000000e-01   7.0225967e-02   1.7874496e-01   7.0225967e-03   1.2052730e-02
   2.0000000e-01   2.0000000e-01   3.3450926e-02   8.4056606e-02   6.6901853e-03   2.4165514e-02
   2.0000000e-01   4.0000000e-01   1.5677380e-02   3.6084499e-02   6.2709520e-03   4.8573053e-02
   2.0000000e-01   6.0000000e-01   9.7448122e-03   1.9545557e-02   5.8468874e-03   7.3226250e-02
   2.0000000e-01   8.0000000e-01   6.6548925e-03   1.0860395e-02   5.3240371e-03   9.8139276e-02
   4.0000000e-01   1.0000000e-01   1.3747763e-01   1.7670681e-01   1.3747763e-02   1.2052730e-02
   4.0000000e-01   2.0000000e-01   6.6326045e-02   8.3035515e-02   1.3265209e-02   2.4165513e-02
   4.0000000e-01   4.0000000e-01   3.1275245e-02   3.5576509e-02   1.2510098e-02   4.8573043e-02
   4.0000000e-01   6.0000000e-01   1.9466082e-02   1.9214335e-02   1.1679649e-02   7.3226246e-02
   4.0000000e-01   8.0000000e-01   1.3284829e-02   1.0627034e-02   1.0627863e-02   9.8128871e-02
   6.0000000e-01   1.0000000e-01   2.0469665e-01   1.7466965e-01   2.0469665e-02   1.2052730e-02
   6.0000000e-01   2.0000000e-01   9.9166881e-02   8.2015492e-02   1.9833376e-02   2.4165513e-02
   6.0000000e-01   4.0000000e-01   4.6834374e-02   3.5069825e-02   1.8733750e-02   4.8573045e-02
   6.0000000e-01   6.0000000e-01   2.9142126e-02   1.8884645e-02   1.7485276e-02   7.3226238e-02
   6.0000000e-01   8.0000000e-01   1.9861460e-02   1.0393027e-02   1.5889169e-02   9.8128830e-02
   8.0000000e-01   1.0000000e-01   2.7188197e-01   1.7263351e-01   2.7188197e-02   1.2052730e-02
   8.0000000e-01   2.0000000e-01   1.3197229e-01   8.0996585e-02   2.6394459e-02   2.4165513e-02
   8.0000000e-01   4.0000000e-01   6.2353487e-02   3.4564433e-02   2.4941395e-02   4.8573043e-02
   8.0000000e-01   6.0000000e-01   3.8771494e-02   1.8556562e-02   2.3262897e-02   7.3226241e-02
   8.0000000e-01   8.0000000e-01   2.6381915e-02   1.0161020e-02   2.1105532e-02   9.8128790e-02
